image_width: 2880
image_height: 1860
camera_name: ''
camera_matrix:
  rows: 3
  cols: 3
  data: [2612.72647773808, 0.0, 1420.21140979727, 0.0, 2615.51099840935, 935.73715542306,
    0.0, 0.0, 1.0]
distortion_model: rational_polynomial
distortion_coefficients:
  rows: 1
  cols: 8
  data: [-1.37040780533, 16.87626855445, 0.01564019862, -0.00327288274, -68.21900170576,
    -1.41412109772, 16.91426495542, -67.92107401371]
projection_matrix:
  rows: 3
  cols: 4
  data: [2655.712890625, 0.0, 1411.22769250651, 0.0, 0.0, 2647.16186523438, 958.46987274035,
    0.0, 0.0, 0.0, 1.0, 0.0]
rectification_matrix:
  rows: 3
  cols: 3
  data: [1.0, 0.0, 0.0, 0.0, 1.0, 0.0, 0.0, 0.0, 1.0]
